         0.144366           0    3         000
    h   0.0704225    0.144366    4        0010
    n   0.0598592    0.214789    5       00110
    c   0.0352113    0.274648    5       01000
    i   0.0352113    0.309859    5       01001
    t    0.028169     0.34507    6      010110
    e    0.028169    0.373239    6      010111
    u    0.028169    0.401408    6      011001
    
    0.028169    0.429577    6      011011
    á   0.0246479    0.457746    6      011101
    ,   0.0246479    0.482394    6      011110
    s   0.0246479    0.507042    6      100000
    o   0.0246479     0.53169    6      100010
    .   0.0211268    0.556338    6      100011
    a   0.0211268    0.577465    6      100100
    v   0.0176056    0.598592    6      100110
    y   0.0176056    0.616197    6      100111
    ạ   0.0176056    0.633803    6      101000
    g   0.0176056    0.651408    6      101001
    Đ   0.0140845    0.669014    7     1010101
    r   0.0140845    0.683099    7     1010111
    T   0.0140845    0.697183    7     1011001
    B   0.0140845    0.711268    7     1011011
    d   0.0140845    0.725352    7     1011100
    1   0.0105634    0.739437    7     1011110
    ọ   0.0105634        0.75    7     1011111
    V   0.0105634    0.760563    7     1100001
    (   0.0105634    0.771127    7     1100010
    l   0.0105634     0.78169    7     1100100
    ư   0.0105634    0.792254    7     1100101
    )   0.0105634    0.802817    7     1100110
    9   0.0105634     0.81338    7     1101000
    ỹ   0.0105634    0.823944    7     1101001
    G   0.0105634    0.834507    7     1101010
    m   0.0105634     0.84507    7     1101100
    P   0.0105634    0.855634    7     1101101
    k   0.0105634    0.866197    7     1101110
    @  0.00704225    0.876761    8    11100000
    b  0.00704225    0.883803    8    11100010
    p  0.00704225    0.890845    8    11100100
    ộ  0.00704225    0.897887    8    11100101
    à  0.00704225     0.90493    8    11100111
    ô  0.00704225    0.911972    8    11101001
    6  0.00704225    0.919014    8    11101011
    8  0.00704225    0.926056    8    11101101
    ế  0.00704225    0.933099    8    11101110
    ệ  0.00704225    0.940141    8    11110000
    ờ  0.00352113    0.947183    9   111100100
    H  0.00352113    0.950704    9   111100110
    í  0.00352113    0.954225    9   111101000
    M  0.00352113    0.957746    9   111101010
    ề  0.00352113    0.961268    9   111101100
    :  0.00352113    0.964789    9   111101101
    C  0.00352113     0.96831    9   111101111
    ă  0.00352113    0.971831    9   111110001
    K  0.00352113    0.975352    9   111110011
    ặ  0.00352113    0.978873    9   111110101
    ó  0.00352113    0.982394    9   111110110
    7  0.00352113    0.985915    9   111111000
    E  0.00352113    0.989437    9   111111010
    4  0.00352113    0.992958    9   111111100
    N  0.00352113    0.996479    9   111111110
